%YAML:1.0
---
camera_matrix: !!opencv-matrix
   rows: 3
   cols: 3
   dt: d
   data: [ 8.0021797600216999e+01, 0., 1.5947642882272697e+02, 0.,
       8.0032336514640065e+01, 1.5961723342988989e+02, 0., 0., 1. ]
dist_coeffs: !!opencv-matrix
   rows: 4
   cols: 1
   dt: d
   data: [ 8.4149587251846417e-02, 8.2096297740407581e-03,
       4.2419750624111654e-04, 2.6106937473762375e-04 ]
resolution: [ 320, 320 ]
