%YAML:1.0
---
display: [ 800, 500 ]
board: [ 200, 100 ]