%YAML:1.0
---
proj_mat: !!opencv-matrix
   rows: 3
   cols: 3
   dt: d
   data: [ -5.0753052554292869e-17, 4.3689536801747658e-01,
       -1.2669965672506819e+02, -7.0438232802817591e-01,
       -6.4196870402567918e-01, 2.1364183496054579e+02, 0.,
       -6.3751058802550067e-03, 1. ]
