%YAML:1.0
---
proj_mat: !!opencv-matrix
   rows: 3
   cols: 3
   dt: d
   data: [ -2.0228974683561573e-15, -2.3036738888413093e+00,
       4.2045045816562447e+02, 6.7654363278239160e-01,
       -6.2516057206474174e-01, -8.8121949130769615e+00,
       -3.6895600665133953e-18, -6.2944249379121306e-03, 1. ]
