%YAML:1.0
---
proj_mat: !!opencv-matrix
   rows: 3
   cols: 3
   dt: d
   data: [ 6.6602031783501248e-01, -2.4870378957130206e+00,
       2.9199089491211078e+02, 0., 4.0045525439446877e-01,
       -1.1613202377439595e+02, 1.4570008420716803e-18,
       -6.2386713316191023e-03, 1. ]
